wavelength,n,k,energy,alpha
2.0660e+02,1.0100e+00,2.9090e+00,6.0012e+00,1.7694e+06
2.1010e+02,1.0830e+00,2.9820e+00,5.9012e+00,1.7836e+06
2.1380e+02,1.1330e+00,3.0450e+00,5.7991e+00,1.7897e+06
2.1750e+02,1.1860e+00,3.1200e+00,5.7004e+00,1.8026e+06
2.2140e+02,1.2470e+00,3.2060e+00,5.6000e+00,1.8197e+06
2.2540e+02,1.3400e+00,3.3020e+00,5.5006e+00,1.8409e+06
2.2960e+02,1.4710e+00,3.3660e+00,5.4000e+00,1.8423e+06
2.3390e+02,1.5790e+00,3.3530e+00,5.3007e+00,1.8014e+06
2.3840e+02,1.5890e+00,3.3540e+00,5.2007e+00,1.7679e+06
2.4310e+02,1.5710e+00,3.4290e+00,5.1001e+00,1.7725e+06
2.4800e+02,1.5700e+00,3.5650e+00,4.9994e+00,1.8064e+06
2.5300e+02,1.5970e+00,3.7490e+00,4.9006e+00,1.8621e+06
2.5830e+02,1.6580e+00,3.9790e+00,4.8000e+00,1.9358e+06
2.6380e+02,1.7640e+00,4.2780e+00,4.6999e+00,2.0379e+06
2.6950e+02,1.9880e+00,4.6780e+00,4.6005e+00,2.1813e+06
2.7550e+02,2.4520e+00,5.0820e+00,4.5003e+00,2.3181e+06
2.8180e+02,3.1200e+00,5.3440e+00,4.3997e+00,2.3831e+06
2.8830e+02,4.0870e+00,5.3950e+00,4.3005e+00,2.3516e+06
2.9520e+02,4.8880e+00,4.6390e+00,4.2000e+00,1.9748e+06
3.0240e+02,5.0200e+00,3.9790e+00,4.1000e+00,1.6535e+06
3.1000e+02,5.0100e+00,3.5860e+00,3.9995e+00,1.4536e+06
3.1790e+02,5.0160e+00,3.3460e+00,3.9001e+00,1.3227e+06
3.2630e+02,5.0650e+00,3.1820e+00,3.7997e+00,1.2254e+06
3.3510e+02,5.1560e+00,3.0580e+00,3.6999e+00,1.1468e+06
3.4440e+02,5.2960e+00,2.9870e+00,3.6000e+00,1.0899e+06
3.5420e+02,5.6100e+00,3.0140e+00,3.5004e+00,1.0693e+06
3.6470e+02,6.5220e+00,2.7050e+00,3.3996e+00,9.3205e+05
3.7570e+02,6.7090e+00,1.3200e+00,3.3001e+00,4.4151e+05
3.8750e+02,6.0620e+00,6.3000e-01,3.1996e+00,2.0430e+05
3.9990e+02,5.5700e+00,3.8700e-01,3.1004e+00,1.2161e+05
4.1330e+02,5.2220e+00,2.6900e-01,2.9999e+00,8.1789e+04
4.2750e+02,4.9610e+00,2.0300e-01,2.9002e+00,5.9672e+04
4.4280e+02,4.7530e+00,1.6300e-01,2.8000e+00,4.6258e+04
4.5920e+02,4.5830e+00,1.3000e-01,2.7000e+00,3.5576e+04
4.7690e+02,4.4420e+00,9.0000e-02,2.5998e+00,2.3715e+04
4.9590e+02,4.3200e+00,7.3000e-02,2.5002e+00,1.8499e+04
5.1660e+02,4.2150e+00,6.0000e-02,2.4000e+00,1.4595e+04
5.3910e+02,4.1230e+00,4.8000e-02,2.2998e+00,1.1189e+04
5.6360e+02,4.0420e+00,3.2000e-02,2.1999e+00,7.1349e+03
5.9040e+02,3.9690e+00,3.0000e-02,2.1000e+00,6.3854e+03
6.1990e+02,3.9060e+00,2.2000e-02,2.0001e+00,4.4598e+03
6.5250e+02,3.8470e+00,1.6000e-02,1.9001e+00,3.0814e+03
6.8880e+02,3.7960e+00,1.3000e-02,1.8000e+00,2.3717e+03
7.2930e+02,3.7520e+00,1.0000e-02,1.7000e+00,1.7231e+03
7.7490e+02,3.7140e+00,8.0000e-03,1.6000e+00,1.2973e+03
8.2660e+02,3.6730e+00,5.0000e-03,1.4999e+00,7.6012e+02
