wavelength,n,k,energy,alpha
2.3400e+02,1.6880e+00,3.4440e+00,5.2985e+00,1.8495e+06
2.3600e+02,1.7010e+00,3.4240e+00,5.2536e+00,1.8232e+06
2.3800e+02,1.6910e+00,3.4350e+00,5.2094e+00,1.8137e+06
2.4000e+02,1.6830e+00,3.4520e+00,5.1660e+00,1.8075e+06
2.4200e+02,1.6780e+00,3.4530e+00,5.1233e+00,1.7930e+06
2.4400e+02,1.6830e+00,3.5000e+00,5.0813e+00,1.8026e+06
2.4600e+02,1.6830e+00,3.5520e+00,5.0400e+00,1.8145e+06
2.4800e+02,1.6830e+00,3.6090e+00,4.9994e+00,1.8287e+06
2.5000e+02,1.6930e+00,3.6680e+00,4.9594e+00,1.8437e+06
2.5200e+02,1.7060e+00,3.7320e+00,4.9200e+00,1.8610e+06
2.5400e+02,1.7340e+00,3.8050e+00,4.8813e+00,1.8825e+06
2.5600e+02,1.7420e+00,3.8900e+00,4.8431e+00,1.9095e+06
2.5800e+02,1.7730e+00,3.9770e+00,4.8056e+00,1.9371e+06
2.6000e+02,1.7990e+00,4.0740e+00,4.7686e+00,1.9691e+06
2.6200e+02,1.8380e+00,4.1810e+00,4.7322e+00,2.0053e+06
2.6400e+02,1.8890e+00,4.2900e+00,4.6964e+00,2.0420e+06
2.6600e+02,1.9530e+00,4.4160e+00,4.6611e+00,2.0862e+06
2.6800e+02,2.0250e+00,4.5530e+00,4.6263e+00,2.1349e+06
2.7000e+02,2.1290e+00,4.6950e+00,4.5920e+00,2.1852e+06
2.7200e+02,2.2650e+00,4.8400e+00,4.5582e+00,2.2361e+06
2.7400e+02,2.4320e+00,4.9720e+00,4.5250e+00,2.2803e+06
2.7600e+02,2.6100e+00,5.0900e+00,4.4922e+00,2.3175e+06
2.7800e+02,2.8250e+00,5.1890e+00,4.4599e+00,2.3456e+06
2.8000e+02,3.0550e+00,5.2630e+00,4.4280e+00,2.3620e+06
2.8200e+02,3.2790e+00,5.3110e+00,4.3966e+00,2.3667e+06
2.8400e+02,3.5450e+00,5.3480e+00,4.3656e+00,2.3664e+06
2.8600e+02,3.8340e+00,5.3560e+00,4.3351e+00,2.3533e+06
2.8800e+02,4.1420e+00,5.3030e+00,4.3050e+00,2.3139e+06
2.9000e+02,4.4350e+00,5.1640e+00,4.2753e+00,2.2377e+06
2.9200e+02,4.6880e+00,4.9590e+00,4.2460e+00,2.1341e+06
2.9400e+02,4.8610e+00,4.7270e+00,4.2171e+00,2.0205e+06
2.9600e+02,4.9660e+00,4.5060e+00,4.1887e+00,1.9130e+06
2.9800e+02,5.0240e+00,4.3040e+00,4.1605e+00,1.8150e+06
3.0000e+02,5.0590e+00,4.1260e+00,4.1328e+00,1.7283e+06
3.0200e+02,5.0760e+00,3.9730e+00,4.1054e+00,1.6532e+06
3.0400e+02,5.0790e+00,3.8450e+00,4.0784e+00,1.5894e+06
3.0600e+02,5.0780e+00,3.7340e+00,4.0518e+00,1.5334e+06
3.0800e+02,5.0720e+00,3.6390e+00,4.0255e+00,1.4847e+06
3.1000e+02,5.0770e+00,3.5550e+00,3.9995e+00,1.4411e+06
3.1200e+02,5.0730e+00,3.4820e+00,3.9739e+00,1.4024e+06
3.1400e+02,5.0780e+00,3.4190e+00,3.9485e+00,1.3683e+06
3.1600e+02,5.0860e+00,3.3620e+00,3.9236e+00,1.3370e+06
3.1800e+02,5.0880e+00,3.3150e+00,3.8989e+00,1.3100e+06
3.2000e+02,5.1040e+00,3.2660e+00,3.8745e+00,1.2826e+06
3.2200e+02,5.1100e+00,3.2270e+00,3.8504e+00,1.2594e+06
3.2400e+02,5.1200e+00,3.1890e+00,3.8267e+00,1.2369e+06
3.2600e+02,5.1370e+00,3.1510e+00,3.8032e+00,1.2146e+06
3.2800e+02,5.1610e+00,3.1160e+00,3.7800e+00,1.1938e+06
3.3000e+02,5.1810e+00,3.0830e+00,3.7571e+00,1.1740e+06
3.3200e+02,5.1940e+00,3.0530e+00,3.7345e+00,1.1556e+06
3.3400e+02,5.2200e+00,3.0210e+00,3.7121e+00,1.1366e+06
3.3600e+02,5.2450e+00,2.9970e+00,3.6900e+00,1.1209e+06
3.3800e+02,5.2690e+00,2.9740e+00,3.6682e+00,1.1057e+06
3.4000e+02,5.2950e+00,2.9510e+00,3.6466e+00,1.0907e+06
3.4200e+02,5.3270e+00,2.9350e+00,3.6253e+00,1.0784e+06
3.4400e+02,5.3590e+00,2.9210e+00,3.6042e+00,1.0670e+06
3.4600e+02,5.3930e+00,2.9120e+00,3.5834e+00,1.0576e+06
3.4800e+02,5.4350e+00,2.9050e+00,3.5628e+00,1.0490e+06
3.5000e+02,5.4860e+00,2.9040e+00,3.5424e+00,1.0426e+06
3.5200e+02,5.5480e+00,2.9070e+00,3.5223e+00,1.0378e+06
3.5400e+02,5.6250e+00,2.9180e+00,3.5024e+00,1.0358e+06
3.5600e+02,5.7290e+00,2.9230e+00,3.4827e+00,1.0318e+06
3.5800e+02,5.8560e+00,2.9290e+00,3.4632e+00,1.0281e+06
3.6000e+02,6.0180e+00,2.9120e+00,3.4440e+00,1.0165e+06
3.6200e+02,6.2120e+00,2.8490e+00,3.4250e+00,9.8899e+05
3.6400e+02,6.4210e+00,2.7320e+00,3.4062e+00,9.4317e+05
3.6600e+02,6.6170e+00,2.5550e+00,3.3875e+00,8.7724e+05
3.6800e+02,6.7730e+00,2.3190e+00,3.3691e+00,7.9189e+05
3.7000e+02,6.8710e+00,2.0490e+00,3.3509e+00,6.9591e+05
3.7200e+02,6.9090e+00,1.7580e+00,3.3329e+00,5.9386e+05
3.7400e+02,6.8800e+00,1.4840e+00,3.3151e+00,4.9862e+05
3.7600e+02,6.7920e+00,1.2360e+00,3.2975e+00,4.1309e+05
3.7800e+02,6.6760e+00,1.0330e+00,3.2800e+00,3.4341e+05
3.8000e+02,6.5480e+00,8.7500e-01,3.2627e+00,2.8936e+05
3.8200e+02,6.4060e+00,7.4200e-01,3.2457e+00,2.4409e+05
3.8400e+02,6.2820e+00,6.4500e-01,3.2288e+00,2.1108e+05
3.8600e+02,6.1730e+00,5.7000e-01,3.2120e+00,1.8557e+05
3.8800e+02,6.0690e+00,5.0900e-01,3.1955e+00,1.6485e+05
3.9000e+02,5.9720e+00,4.5700e-01,3.1791e+00,1.4725e+05
3.9200e+02,5.8800e+00,4.1500e-01,3.1629e+00,1.3304e+05
3.9400e+02,5.8030e+00,3.8000e-01,3.1468e+00,1.2120e+05
3.9600e+02,5.7260e+00,3.4800e-01,3.1309e+00,1.1043e+05
3.9800e+02,5.6510e+00,3.2100e-01,3.1152e+00,1.0135e+05
4.0000e+02,5.5850e+00,2.9600e-01,3.0996e+00,9.2991e+04
4.0200e+02,5.5220e+00,2.7500e-01,3.0842e+00,8.5964e+04
4.0400e+02,5.4610e+00,2.5800e-01,3.0689e+00,8.0251e+04
4.0600e+02,5.4060e+00,2.4200e-01,3.0538e+00,7.4903e+04
4.0800e+02,5.3520e+00,2.2700e-01,3.0388e+00,6.9916e+04
4.1000e+02,5.3010e+00,2.1500e-01,3.0240e+00,6.5897e+04
4.1200e+02,5.2540e+00,2.0300e-01,3.0093e+00,6.1917e+04
4.1400e+02,5.2100e+00,1.9200e-01,2.9948e+00,5.8279e+04
4.1600e+02,5.1680e+00,1.8200e-01,2.9804e+00,5.4978e+04
4.1800e+02,5.1250e+00,1.7300e-01,2.9661e+00,5.2009e+04
4.2000e+02,5.0870e+00,1.6500e-01,2.9520e+00,4.9368e+04
4.2200e+02,5.0520e+00,1.5800e-01,2.9380e+00,4.7049e+04
4.2400e+02,5.0150e+00,1.5100e-01,2.9242e+00,4.4753e+04
4.2600e+02,4.9830e+00,1.4500e-01,2.9104e+00,4.2773e+04
4.2800e+02,4.9500e+00,1.3800e-01,2.8968e+00,4.0518e+04
4.3000e+02,4.9210e+00,1.3300e-01,2.8834e+00,3.8868e+04
4.3200e+02,4.8930e+00,1.2700e-01,2.8700e+00,3.6943e+04
4.3400e+02,4.8650e+00,1.2300e-01,2.8568e+00,3.5614e+04
4.3600e+02,4.8410e+00,1.1800e-01,2.8437e+00,3.4010e+04
4.3800e+02,4.8150e+00,1.1500e-01,2.8307e+00,3.2994e+04
4.4000e+02,4.7900e+00,1.0900e-01,2.8178e+00,3.1130e+04
4.4200e+02,4.7660e+00,1.0700e-01,2.8051e+00,3.0421e+04
4.4400e+02,4.7420e+00,1.0300e-01,2.7924e+00,2.9152e+04
4.4600e+02,4.7180e+00,9.9000e-02,2.7799e+00,2.7894e+04
4.4800e+02,4.6950e+00,9.6000e-02,2.7675e+00,2.6928e+04
4.5000e+02,4.6730e+00,9.2000e-02,2.7552e+00,2.5691e+04
4.5500e+02,4.6220e+00,8.5000e-02,2.7249e+00,2.3476e+04
4.6000e+02,4.5740e+00,7.9000e-02,2.6953e+00,2.1581e+04
4.6500e+02,4.5290e+00,7.4000e-02,2.6663e+00,1.9998e+04
4.7000e+02,4.4880e+00,6.8000e-02,2.6380e+00,1.8181e+04
4.7500e+02,4.4500e+00,6.4000e-02,2.6102e+00,1.6932e+04
4.8000e+02,4.4130e+00,6.0000e-02,2.5830e+00,1.5708e+04
4.8500e+02,4.3790e+00,5.7000e-02,2.5564e+00,1.4769e+04
4.9000e+02,4.3450e+00,5.3000e-02,2.5303e+00,1.3592e+04
4.9500e+02,4.3170e+00,5.0000e-02,2.5047e+00,1.2693e+04
5.0000e+02,4.2900e+00,4.7000e-02,2.4797e+00,1.1812e+04
5.0500e+02,4.2620e+00,4.5000e-02,2.4551e+00,1.1198e+04
5.1000e+02,4.2370e+00,4.2000e-02,2.4311e+00,1.0349e+04
5.1500e+02,4.2140e+00,4.0000e-02,2.4075e+00,9.7603e+03
5.2000e+02,4.1900e+00,3.8000e-02,2.3843e+00,9.1831e+03
5.2500e+02,4.1680e+00,3.6000e-02,2.3616e+00,8.6169e+03
5.3000e+02,4.1480e+00,3.4000e-02,2.3393e+00,8.0614e+03
5.3500e+02,4.1290e+00,3.3000e-02,2.3175e+00,7.7512e+03
5.4000e+02,4.1080e+00,3.1000e-02,2.2960e+00,7.2140e+03
5.4500e+02,4.0920e+00,3.0000e-02,2.2749e+00,6.9173e+03
5.5000e+02,4.0750e+00,2.9000e-02,2.2543e+00,6.6259e+03
5.5500e+02,4.0590e+00,2.8000e-02,2.2339e+00,6.3398e+03
5.6000e+02,4.0420e+00,2.6000e-02,2.2140e+00,5.8344e+03
5.6500e+02,4.0270e+00,2.5000e-02,2.1944e+00,5.5603e+03
5.7000e+02,4.0130e+00,2.5000e-02,2.1752e+00,5.5116e+03
5.7500e+02,3.9980e+00,2.3000e-02,2.1562e+00,5.0265e+03
5.8000e+02,3.9840e+00,2.3000e-02,2.1377e+00,4.9832e+03
5.8500e+02,3.9710e+00,2.2000e-02,2.1194e+00,4.7258e+03
5.9000e+02,3.9600e+00,2.2000e-02,2.1014e+00,4.6858e+03
5.9500e+02,3.9480e+00,2.1000e-02,2.0838e+00,4.4352e+03
6.0000e+02,3.9370e+00,1.9000e-02,2.0664e+00,3.9794e+03
6.0500e+02,3.9260e+00,1.9000e-02,2.0493e+00,3.9465e+03
6.1000e+02,3.9140e+00,1.9000e-02,2.0325e+00,3.9141e+03
6.1500e+02,3.9040e+00,1.8000e-02,2.0160e+00,3.6780e+03
6.2000e+02,3.8930e+00,1.7000e-02,1.9997e+00,3.4456e+03
6.2500e+02,3.8850e+00,1.7000e-02,1.9837e+00,3.4181e+03
6.3000e+02,3.8770e+00,1.6000e-02,1.9680e+00,3.1915e+03
6.3500e+02,3.8690e+00,1.6000e-02,1.9525e+00,3.1663e+03
6.4500e+02,3.8500e+00,1.5000e-02,1.9222e+00,2.9224e+03
6.5000e+02,3.8420e+00,1.4000e-02,1.9074e+00,2.7066e+03
6.5500e+02,3.8340e+00,1.4000e-02,1.8929e+00,2.6859e+03
6.6000e+02,3.8280e+00,1.4000e-02,1.8785e+00,2.6656e+03
6.6500e+02,3.8190e+00,1.3000e-02,1.8644e+00,2.4566e+03
6.7000e+02,3.8130e+00,1.3000e-02,1.8505e+00,2.4383e+03
6.7500e+02,3.8040e+00,1.2000e-02,1.8368e+00,2.2340e+03
6.8000e+02,3.7980e+00,1.3000e-02,1.8233e+00,2.4024e+03
6.8500e+02,3.7910e+00,1.2000e-02,1.8100e+00,2.2014e+03
6.9000e+02,3.7850e+00,1.2000e-02,1.7969e+00,2.1855e+03
6.9500e+02,3.7790e+00,1.0000e-02,1.7839e+00,1.8081e+03
7.0000e+02,3.7720e+00,1.1000e-02,1.7712e+00,1.9747e+03
7.0500e+02,3.7660e+00,1.1000e-02,1.7586e+00,1.9607e+03
7.1000e+02,3.7600e+00,1.0000e-02,1.7463e+00,1.7699e+03
7.1500e+02,3.7560e+00,9.0000e-03,1.7340e+00,1.5818e+03
7.2000e+02,3.7500e+00,1.0000e-02,1.7220e+00,1.7453e+03
7.2500e+02,3.7440e+00,1.0000e-02,1.7101e+00,1.7333e+03
7.3000e+02,3.7380e+00,1.1000e-02,1.6984e+00,1.8936e+03
7.3500e+02,3.7360e+00,8.0000e-03,1.6869e+00,1.3678e+03
7.4000e+02,3.7310e+00,9.0000e-03,1.6755e+00,1.5283e+03
7.4500e+02,3.7250e+00,8.0000e-03,1.6642e+00,1.3494e+03
7.5000e+02,3.7200e+00,7.0000e-03,1.6531e+00,1.1729e+03
7.5500e+02,3.7190e+00,8.0000e-03,1.6422e+00,1.3315e+03
7.6000e+02,3.7120e+00,8.0000e-03,1.6314e+00,1.3228e+03
7.6500e+02,3.7060e+00,7.0000e-03,1.6207e+00,1.1499e+03
7.7000e+02,3.7060e+00,6.0000e-03,1.6102e+00,9.7920e+02
7.7500e+02,3.6990e+00,7.0000e-03,1.5998e+00,1.1350e+03
7.8000e+02,3.6950e+00,6.0000e-03,1.5895e+00,9.6664e+02
7.8500e+02,3.6910e+00,5.0000e-03,1.5794e+00,8.0041e+02
7.9000e+02,3.6860e+00,7.0000e-03,1.5694e+00,1.1135e+03
7.9500e+02,3.6830e+00,9.0000e-03,1.5595e+00,1.4226e+03
8.0000e+02,3.6820e+00,6.0000e-03,1.5498e+00,9.4248e+02
8.0500e+02,3.6760e+00,7.0000e-03,1.5402e+00,1.0927e+03
8.1000e+02,3.6730e+00,7.0000e-03,1.5307e+00,1.0860e+03
8.1500e+02,3.6690e+00,7.0000e-03,1.5213e+00,1.0793e+03
8.2000e+02,3.6660e+00,5.0000e-03,1.5120e+00,7.6624e+02
8.2500e+02,3.6620e+00,5.0000e-03,1.5028e+00,7.6160e+02
8.3000e+02,3.6630e+00,6.0000e-03,1.4938e+00,9.0841e+02
8.3500e+02,3.6560e+00,5.0000e-03,1.4848e+00,7.5248e+02
8.4000e+02,3.6590e+00,4.0000e-03,1.4760e+00,5.9840e+02
