energy,n_293,k_293,n_373,k_373,n_423,k_423,n_473,k_473,n_523,k_523,n_573,k_573,n_623,k_623,n_673,k_673,n_723,k_723,wavelength,alpha_293,alpha_373,alpha_423,alpha_473,alpha_523,alpha_573,alpha_623,alpha_673,alpha_723
1.5000e+00,3.6780e+03,5.0000e-03,3.6950e+00,0.0000e+00,3.7090e+00,0.0000e+00,3.7210e+00,8.0000e-03,3.7310e+03,0.0000e+00,3.7430e+00,0.0000e+00,3.7570e+03,2.0000e-03,3.7690e+00,2.0000e-03,3.7840e+00,3.0000e-03,8.2656e+02,7.6016e+02,0.0000e+00,0.0000e+00,1.2163e+03,0.0000e+00,0.0000e+00,3.0406e+02,3.0406e+02,4.5610e+02
1.6000e+00,3.7160e+00,1.0000e-03,3.7330e+00,1.0000e-03,3.7490e+00,1.0000e-03,3.7630e+00,7.0000e-03,3.7720e+00,1.0000e-03,3.7840e+00,7.0000e-03,3.7960e+00,2.0000e-03,3.8080e+00,2.0000e-03,3.8230e+03,8.0000e-03,7.7490e+02,1.6217e+02,1.6217e+02,1.6217e+02,1.1352e+03,1.6217e+02,1.1352e+03,3.2434e+02,3.2434e+02,1.2973e+03
1.7000e+00,3.7530e+00,3.0000e-03,3.7730e+00,1.0000e-03,3.7880e+00,6.0000e-03,3.8030e+00,8.0000e-03,3.8120e+00,1.0000e-03,3.8260e+00,5.0000e-03,3.8360e+00,2.0000e-03,3.8480e+00,2.0000e-03,3.8700e+00,1.0000e-02,7.2932e+02,5.1691e+02,1.7230e+02,1.0338e+03,1.3784e+03,1.7230e+02,8.6151e+02,3.4461e+02,3.4461e+02,1.7230e+03
1.8000e+00,3.7960e+00,3.0000e-03,3.8220e+00,2.0000e-03,3.8360e+00,1.0000e-03,3.8490e+00,3.0000e-03,3.8590e+00,4.0000e-03,3.8700e+00,3.0000e-03,3.8790e+00,6.0000e-03,3.8970e+03,7.0000e-03,3.9200e+00,1.2000e-02,6.8880e+02,5.4732e+02,3.6488e+02,1.8244e+02,5.4732e+02,7.2975e+02,5.4732e+02,1.0946e+03,1.2771e+03,2.1893e+03
1.9000e+00,3.8450e+00,2.0000e-03,3.8660e+00,2.0000e-03,3.8840e+00,1.0000e-03,3.8990e+00,4.0000e-03,3.9120e+00,4.0000e-03,3.9230e+00,6.0000e-03,3.9350e+00,8.0000e-03,3.9520e+00,1.1000e-02,3.9770e+00,1.4000e-02,6.5255e+02,3.8515e+02,3.8515e+02,1.9257e+02,7.7029e+02,7.7029e+02,1.1554e+03,1.5406e+03,2.1183e+03,2.6960e+03
2.0000e+00,3.9000e+00,2.0000e-03,3.9280e+00,2.0000e-03,3.9460e+00,3.0000e-03,3.9570e+00,4.0000e-03,3.9710e+00,5.0000e-03,3.9820e+00,6.0000e-03,3.9940e+00,8.0000e-03,4.0140e+00,1.2000e-02,4.0410e+00,1.6000e-02,6.1992e+02,4.0542e+02,4.0542e+02,6.0813e+02,8.1084e+02,1.0135e+03,1.2163e+03,1.6217e+03,2.4325e+03,3.2434e+03
2.1000e+00,3.9600e+00,4.0000e-03,3.9920e+00,4.0000e-03,4.0100e+00,4.0000e-03,4.0230e+00,6.0000e-03,4.0380e+00,7.0000e-03,4.0500e+00,1.0000e-02,4.0640e+00,1.2000e-02,4.0840e+00,1.6000e-02,4.1130e+00,2.2000e-02,5.9040e+02,8.5138e+02,8.5138e+02,8.5138e+02,1.2771e+03,1.4899e+03,2.1285e+03,2.5541e+03,3.4055e+03,4.6826e+03
2.2000e+00,4.0290e+00,5.0000e-03,4.0640e+00,6.0000e-03,4.0860e+00,5.0000e-03,4.0980e+00,9.0000e-03,4.1150e+00,1.0000e-02,4.1290e+00,1.4000e-02,4.1420e+00,1.8000e-02,4.1650e+00,2.1000e-02,4.1970e+03,3.2000e-02,5.6356e+02,1.1149e+03,1.3379e+03,1.1149e+03,2.0068e+03,2.2298e+03,3.1217e+03,4.0137e+03,4.6826e+03,7.1354e+03
2.3000e+00,4.1090e+00,8.0000e-03,4.1460e+00,6.0000e-03,4.1700e+00,1.1000e-02,4.1850e+00,1.2000e-02,4.2030e+00,1.4000e-02,4.2160e+03,1.8000e-02,4.2330e+00,2.6000e-02,4.2600e+00,3.2000e-02,4.2960e+00,4.1000e-02,5.3906e+02,1.8649e+03,1.3987e+03,2.5643e+03,2.7974e+03,3.2636e+03,4.1961e+03,6.0610e+03,7.4597e+03,9.5578e+03
2.4000e+00,4.2000e+00,1.4000e-02,4.2410e+03,1.1000e-02,4.2680e+03,1.7000e-02,4.2850e+00,2.2000e-02,4.3070e+00,2.7000e-02,4.3250e+00,3.2000e-02,4.3420e+00,3.6000e-02,4.3700e+03,4.7000e-02,4.4100e+00,6.3000e-02,5.1660e+02,3.4055e+03,2.6758e+03,4.1353e+03,5.3515e+03,6.5678e+03,7.7840e+03,8.7571e+03,1.1433e+04,1.5325e+04
2.5000e+00,4.3090e+00,2.8000e-02,4.3590e+00,2.4000e-02,4.3850e+00,3.2000e-02,4.4050e+00,3.6000e-02,4.4300e+00,4.0000e-02,4.4470e+00,4.9000e-02,4.4680e+00,5.6000e-02,4.4980e+00,7.2000e-02,4.5430e+00,8.7000e-02,4.9594e+02,7.0948e+03,6.0812e+03,8.1083e+03,9.1219e+03,1.0135e+04,1.2416e+04,1.4190e+04,1.8244e+04,2.2044e+04
2.6000e+00,4.4350e+03,4.3000e-02,4.4920e+00,4.0000e-02,4.5240e+00,4.5000e-02,4.5470e+00,5.2000e-02,4.5690e+00,6.8000e-02,4.5900e+00,7.4000e-02,4.6150e+00,8.6000e-02,4.6480e+00,1.0300e-01,4.6990e+00,1.2200e-01,4.7686e+02,1.1332e+04,1.0541e+04,1.1859e+04,1.3703e+04,1.7920e+04,1.9501e+04,2.2663e+04,2.7143e+04,3.2150e+04
2.7000e+00,4.5910e+00,6.9000e-02,4.6540e+00,6.2000e-02,4.6880e+00,7.1000e-02,4.7130e+00,8.2000e-02,4.7430e+00,9.4000e-02,4.7660e+00,1.0600e-01,4.7920e+00,1.1700e-01,4.8290e+00,1.3900e-01,4.8840e+00,1.7500e-01,4.5920e+02,1.8882e+04,1.6967e+04,1.9430e+04,2.2440e+04,2.5724e+04,2.9008e+04,3.2018e+04,3.8038e+04,4.7890e+04
2.8000e+00,4.7700e+00,1.0100e-01,4.8450e+00,9.7000e-02,4.8840e+00,1.1200e-01,4.9160e+00,1.2300e-01,4.9500e+00,1.3200e-01,4.9750e+00,1.5100e-01,5.0020e+00,1.7700e-01,5.0470e+00,2.0800e-01,5.1100e+00,2.5300e-01,4.4280e+02,2.8663e+04,2.7528e+04,3.1785e+04,3.4907e+04,3.7461e+04,4.2853e+04,5.0231e+04,5.9029e+04,7.1800e+04
2.9000e+00,4.9940e+00,1.4200e-01,5.0870e+00,1.3900e-01,5.1340e+00,1.5500e-01,5.1620e+00,1.8700e-01,5.2030e+00,2.0300e-01,5.2330e+00,2.3600e-01,5.2670e+00,2.5600e-01,5.3170e+00,3.0100e-01,5.3860e+00,3.6600e-01,4.2753e+02,4.1738e+04,4.0856e+04,4.5559e+04,5.4965e+04,5.9668e+04,6.9367e+04,7.5246e+04,8.8473e+04,1.0758e+05
3.0000e+00,5.2790e+00,2.0300e-01,5.3830e+00,2.2100e-01,5.4390e+00,2.6000e-01,5.4790e+03,2.9200e-01,5.5290e+00,3.2000e-01,5.5590e+00,3.6600e-01,5.6010e+00,3.9900e-01,5.6600e+00,4.6800e-01,5.7320e+03,5.6900e-01,4.1328e+02,6.1725e+04,6.7198e+04,7.9057e+04,8.8787e+04,9.7301e+04,1.1129e+05,1.2132e+05,1.4230e+05,1.7301e+05
3.0500e+00,5.4500e+00,2.5900e-01,5.5760e+00,2.6900e-01,5.6310e+00,3.2900e-01,5.6770e+00,3.8400e-01,5.7280e+00,4.2100e-01,5.7660e+00,4.7700e-01,5.8010e+00,5.1600e-01,5.8550e+00,6.2600e-01,5.9170e+00,7.5500e-01,4.0651e+02,8.0064e+04,8.3155e+04,1.0170e+05,1.1871e+05,1.3014e+05,1.4745e+05,1.5951e+05,1.9351e+05,2.3339e+05
3.1000e+00,5.6490e+00,3.2600e-01,5.7880e+00,3.8100e-01,5.8590e+03,4.4500e-01,5.9010e+00,5.0200e-01,5.9570e+03,5.6800e-01,5.9900e+00,6.4100e-01,6.0280e+00,7.0300e-01,6.0670e+00,8.1500e-01,6.1120e+00,9.9200e-01,3.9995e+02,1.0243e+05,1.1971e+05,1.3982e+05,1.5773e+05,1.7846e+05,2.0140e+05,2.2088e+05,2.5607e+05,3.1168e+05
3.1500e+00,5.8970e+00,4.4000e-01,6.0460e+00,5.3100e-01,6.1320e+00,6.0300e-01,6.1630e+00,6.9400e-01,6.2040e+00,7.9500e-01,6.2390e+03,8.8200e-01,6.2620e+00,9.6600e-01,6.2920e+00,1.1120e+00,6.2660e+00,1.3220e+00,3.9360e+02,1.4048e+05,1.6953e+05,1.9252e+05,2.2157e+05,2.5382e+05,2.8159e+05,3.0841e+05,3.5503e+05,4.2207e+05
3.2000e+00,6.1910e+00,5.8700e-01,6.3600e+00,7.6500e-01,6.4150e+03,8.8600e-01,6.4320e+00,1.0170e+00,6.4720e+00,1.1250e+00,6.4610e+00,1.2560e+00,6.4330e+00,1.3670e+00,6.3990e+00,1.5350e+00,6.2980e+00,1.7310e+00,3.8745e+02,1.9038e+05,2.4812e+05,2.8736e+05,3.2985e+05,3.6488e+05,4.0737e+05,4.4337e+05,4.9785e+05,5.6142e+05
3.2500e+00,6.5480e+00,8.7100e-01,6.6740e+00,1.1280e+00,6.6710e+00,1.3290e+00,6.6490e+00,1.4760e+00,6.6000e+00,1.6360e+00,6.5380e+00,1.7390e+03,6.4680e+00,1.8550e+00,6.3450e+00,1.9690e+00,6.1810e+00,2.1100e+00,3.8149e+02,2.8691e+05,3.7157e+05,4.3778e+05,4.8620e+05,5.3890e+05,5.7283e+08,6.1104e+05,6.4859e+05,6.9504e+05
3.3000e+00,6.8990e+00,1.4040e+00,6.8520e+00,1.7570e+00,6.7410e+00,1.9520e+00,6.5930e+00,2.0850e+00,6.5070e+00,2.1760e+00,6.3830e+00,2.2390e+00,6.2640e+00,2.2910e+00,6.1350e+00,2.3180e+00,5.9930e+00,2.3830e+00,3.7571e+02,4.6960e+05,5.8766e+05,6.5289e+05,6.9737e+05,7.2781e+05,7.4888e+05,7.6627e+05,7.7530e+05,7.9704e+05
3.3500e+00,6.9890e+03,2.1630e+00,6.6370e+03,2.4240e+03,6.4510e+00,2.4930e+00,6.2880e+00,2.5230e+00,6.1820e+00,2.5330e+00,6.0860e+00,2.5440e+00,6.0080e+00,2.5300e+00,5.9000e+00,2.5260e+00,5.7760e+00,2.5460e+00,3.7010e+02,7.3442e+05,8.2304e+08,8.4647e+05,8.5666e+05,8.6005e+05,8.6379e+05,8.5904e+05,8.5768e+05,8.6447e+05
3.4000e+00,6.5630e+00,2.8690e+00,6.1840e+00,2.8010e+00,6.0550e+00,2.7700e+00,5.9570e+00,2.7150e+00,5.8730e+00,2.7030e+00,5.8080e+00,2.6830e+00,5.7610e+00,2.6550e+00,5.7050e+00,2.6440e+00,5.6090e+00,2.6370e+00,3.6466e+02,9.8867e+05,9.6524e+05,9.5456e+05,9.3560e+05,9.3147e+05,9.2458e+05,9.1493e+05,9.1114e+05,9.0872e+05
3.4500e+00,5.9670e+00,3.1050e+00,5.8350e+00,2.8840e+03,5.7510e+00,2.8400e+00,5.6980e+00,2.7840e+03,5.6530e+00,2.7710e+00,5.6140e+00,2.7500e+00,5.5980e+00,2.7160e+00,5.5430e+00,2.7040e+00,5.4990e+00,2.7050e+00,3.5937e+02,1.0857e+06,1.0085e+09,9.9308e+05,9.7350e+08,9.6896e+05,9.6161e+05,9.4972e+05,9.4553e+05,9.4588e+05
3.5000e+00,5.6010e+00,3.0560e+00,5.6030e+00,2.8880e+03,5.5630e+00,2.8470e+00,5.5260e+00,2.8210e+03,5.5070e+00,2.7880e+03,5.4930e+00,2.7800e+00,5.4650e+00,2.7590e+00,5.4450e+00,2.7590e+03,5.4030e+00,2.7710e+00,3.5424e+02,1.0841e+06,1.0245e+09,1.0099e+06,1.0007e+09,9.8902e+08,9.8618e+05,9.7873e+05,9.7873e+08,9.8299e+05
3.5500e+00,5.4290e+00,3.0180e+00,5.4570e+00,2.9000e+00,5.4370e+00,2.8680e+00,5.4280e+00,2.8520e+00,5.4100e+00,2.8430e+03,5.3960e+00,2.8380e+00,5.3840e+00,2.8080e+00,5.3640e+00,2.8170e+00,5.3290e+00,2.8270e+00,3.4925e+02,1.0859e+06,1.0434e+06,1.0319e+06,1.0262e+06,1.0229e+09,1.0211e+06,1.0103e+06,1.0136e+06,1.0172e+06
3.6000e+00,5.3100e+00,3.0050e+00,5.3680e+00,2.9420e+00,5.3610e+00,2.9040e+00,5.3570e+03,2.8920e+00,5.3550e+00,2.9000e+00,5.3300e+00,2.8940e+00,5.3210e+00,2.8780e+00,5.3100e+00,2.8790e+00,5.2780e+00,2.9050e+00,3.4440e+02,1.0965e+06,1.0735e+06,1.0596e+06,1.0552e+06,1.0581e+06,1.0560e+06,1.0501e+06,1.0505e+06,1.0600e+06
3.7000e+00,5.1770e+00,3.0830e+00,5.2400e+00,3.0420e+00,5.2550e+00,3.0350e+03,5.2370e+00,3.0240e+03,5.2410e+00,3.0450e+00,5.2410e+00,3.0370e+00,5.2350e+00,3.0350e+00,5.2260e+00,3.0520e+00,5.1960e+00,3.0790e+00,3.3509e+02,1.1562e+06,1.1408e+06,1.1382e+09,1.1340e+09,1.1419e+06,1.1389e+06,1.1382e+06,1.1445e+06,1.1547e+06
3.8000e+00,5.0910e+00,3.2130e+00,5.1880e+00,3.1930e+03,5.1840e+00,3.2040e+00,5.1900e+03,3.2020e+00,5.1890e+00,3.2040e+00,5.1720e+00,3.2210e+00,5.1770e+00,3.2220e+00,5.1680e+00,3.2530e+00,5.1440e+00,3.3030e+00,3.2627e+02,1.2375e+06,1.2298e+09,1.2340e+06,1.2333e+06,1.2340e+06,1.2406e+06,1.2410e+06,1.2529e+06,1.2722e+06
3.9000e+00,5.0320e+00,3.3920e+00,5.1250e+00,3.3880e+00,5.1380e+00,3.4290e+03,5.1330e+03,3.4440e+00,5.1420e+00,3.4500e+00,5.1350e+00,3.4710e+00,5.1460e+00,3.4780e+00,5.1330e+00,3.5270e+00,5.0970e+00,3.5890e+00,3.1791e+02,1.3408e+06,1.3392e+06,1.3554e+09,1.3613e+06,1.3637e+06,1.3720e+06,1.3748e+06,1.3942e+06,1.4187e+06
3.9500e+00,5.0390e+00,3.4920e+00,5.1400e+00,3.5290e+00,5.1390e+00,3.5720e+00,5.1370e+00,3.5900e+03,5.1280e+03,3.6190e+00,5.1260e+00,3.6340e+00,5.1380e+00,3.6520e+00,5.1090e+00,3.7090e+00,5.0580e+00,3.7860e+00,3.1388e+02,1.3980e+06,1.4129e+06,1.4301e+06,1.4373e+09,1.4489e+06,1.4549e+06,1.4621e+06,1.4849e+06,1.5157e+06
4.0000e+00,5.0290e+03,3.6450e+00,5.1250e+00,3.7010e+00,5.1270e+03,3.7520e+03,5.1160e+00,3.7730e+03,5.1040e+00,3.8010e+00,5.0970e+00,3.8370e+00,5.0880e+00,3.8790e+03,5.0600e+00,3.9120e+00,5.0060e+00,4.0060e+00,3.0996e+02,1.4778e+06,1.5005e+06,1.5211e+09,1.5296e+09,1.5410e+06,1.5556e+06,1.5726e+09,1.5860e+06,1.6241e+06
4.0500e+00,5.0250e+00,3.8270e+00,5.1210e+00,3.9230e+00,5.1060e+00,3.9790e+00,5.0950e+00,4.0130e+03,5.0560e+00,4.0470e+00,5.0330e+00,4.0890e+00,5.0350e+00,4.1200e+00,4.9800e+00,4.1750e+00,4.8880e+00,4.2730e+00,3.0613e+02,1.5710e+06,1.6104e+06,1.6333e+06,1.6473e+09,1.6613e+06,1.6785e+06,1.6912e+06,1.7138e+06,1.7540e+06
4.1000e+00,4.9860e+00,4.0670e+00,5.0700e+00,4.1800e+00,5.0420e+03,4.2610e+00,5.0080e+03,4.2900e+03,4.9710e+00,4.3500e+00,4.9370e+03,4.3930e+00,4.8820e+00,4.4200e+00,4.8260e+00,4.4760e+00,4.6920e+00,4.5650e+00,3.0240e+02,1.6901e+06,1.7370e+06,1.7707e+06,1.7827e+09,1.8077e+06,1.8255e+06,1.8368e+06,1.8600e+06,1.8970e+06
4.1500e+00,4.9280e+00,4.3640e+00,4.9750e+00,4.5260e+00,4.9190e+00,4.5940e+00,4.8340e+00,4.6230e+03,4.7790e+00,4.6870e+00,4.7040e+00,4.7230e+00,4.6560e+03,4.7050e+00,4.5350e+00,4.7540e+00,4.3780e+00,4.7940e+00,2.9876e+02,1.8356e+06,1.9037e+06,1.9323e+06,1.9445e+09,1.9714e+06,1.9866e+06,1.9790e+06,1.9996e+06,2.0164e+06
4.2000e+00,4.7910e+00,4.7400e+00,4.7190e+00,4.8880e+00,4.6250e+00,4.9370e+00,4.5380e+00,4.9520e+03,4.4490e+00,4.9740e+00,4.3440e+00,4.9730e+00,4.3190e+00,4.9520e+00,4.1870e+00,4.9680e+00,4.0160e+00,4.9460e+00,2.9520e+02,2.0178e+06,2.0808e+06,2.1016e+06,2.1080e+09,2.1174e+06,2.1170e+06,2.1080e+06,2.1148e+06,2.1055e+06
4.2500e+00,4.4540e+00,5.1420e+00,4.3060e+03,5.2100e+00,4.1890e+03,5.2050e+00,4.0900e+03,5.1810e+00,3.9890e+00,5.1500e+00,3.9250e+00,5.1130e+00,3.8760e+00,5.0640e+00,3.7740e+00,5.0260e+00,3.6370e+00,4.9860e+00,2.9173e+02,2.2149e+06,2.2442e+06,2.2421e+06,2.2317e+06,2.2184e+06,2.2024e+06,2.1813e+06,2.1650e+06,2.1477e+06
4.3000e+00,3.9260e+00,5.3530e+00,3.7960e+00,5.3130e+00,3.7120e+00,5.2820e+00,3.6400e+00,5.1910e+03,3.5750e+00,5.1460e+00,3.5170e+00,5.1130e+00,3.4900e+00,5.0560e+00,3.4080e+00,4.9870e+00,3.3010e+00,4.9130e+00,2.8834e+02,2.3329e+06,2.3155e+06,2.3020e+06,2.2623e+09,2.2427e+06,2.2283e+06,2.2035e+06,2.1734e+06,2.1412e+06
4.4000e+00,3.0370e+00,5.2330e+00,3.0220e+00,5.1480e+00,2.9770e+00,5.1030e+00,2.9260e+03,5.0310e+00,2.9230e+00,4.9810e+00,2.8720e+00,4.9080e+00,2.8830e+00,4.8590e+00,2.8520e+00,4.7930e+00,2.8000e+00,4.7140e+00,2.8178e+02,2.3337e+06,2.2958e+06,2.2758e+06,2.2436e+06,2.2213e+06,2.1888e+06,2.1669e+06,2.1375e+06,2.1023e+06
4.5000e+00,2.4260e+00,4.9410e+00,2.4490e+00,4.8500e+00,2.4630e+00,4.7860e+00,2.4420e+00,4.7090e+03,2.4410e+00,4.6750e+00,2.4410e+00,4.6320e+00,2.4580e+00,4.5710e+00,2.4500e+00,4.5150e+00,2.4250e+00,4.4590e+00,2.7552e+02,2.2536e+06,2.2121e+06,2.1829e+06,2.1478e+09,2.1323e+06,2.1126e+06,2.0848e+06,2.0593e+06,2.0337e+06
4.6000e+00,2.0140e+00,4.5430e+00,2.1110e+00,4.4690e+00,2.1300e+00,4.4430e+00,2.1330e+00,4.3800e+03,2.1610e+03,4.3490e+00,2.1640e+00,4.3090e+00,2.1900e+00,4.2790e+00,2.1860e+00,4.2510e+00,2.1860e+00,4.1830e+00,2.6953e+02,2.1181e+06,2.0836e+06,2.0715e+06,2.0421e+09,2.0276e+06,2.0090e+06,1.9950e+06,1.9820e+06,1.9503e+06
4.7000e+00,1.8250e+00,4.1750e+00,1.9180e+00,4.1470e+00,1.9480e+00,4.1290e+00,1.9650e+00,4.0890e+03,1.9960e+00,4.0620e+00,1.9980e+00,4.0440e+03,2.0340e+00,4.0160e+00,2.0490e+00,3.9970e+00,2.0570e+00,3.9560e+00,2.6380e+02,1.9888e+06,1.9755e+06,1.9669e+06,1.9478e+09,1.9350e+06,1.9264e+09,1.9131e+06,1.9040e+06,1.8845e+06
