Wavelength,alpha,U,energy,
530,6310,5.7,2.33955765989212,
540,6200,6.1,2.29623251804226,
550,5980,5.0,2.25448283589604,
560,5650,5.1,2.21422421382647,
570,5280,5.2,2.17537817498741,
580,4900,5.2,2.137871654729,
590,4540,5.5,2.10163654193699,
600,4200,5.9,2.06660926623804,
610,3890,5.6,2.0327304258079,
620,3590,5.6,1.9999444511981,
630,3320,5.8,1.96819930117908,
640,3080,6.3,1.93744618709816,
650,2850,5.4,1.90763932268126,
660,2630,7.1,1.87873569658003,
670,2440,6.3,1.85069486528779,
680,2260,6.5,1.82347876432768,
690,2090,7.3,1.79705153585916,
700,1940,5.7,1.77137937106117,
710,1790,5.8,1.74643036583496,
720,1660,5.9,1.7221743885317,
730,1530,5.8,1.69858295855181,
740,1410,5.8,1.6756291347876,
750,1300,5.9,1.65328741299043,
760,1200,6.0,1.63153363124055,
770,1110,6,1.61034488278289,
780,1020,6.1,1.58969943556772,
790,933,6.1,1.56957665790231,
800,854,6.3,1.54995694967853,
810,782,6.7,1.53082167869484,
820,716,6.6,1.51215312163759,
830,612,5.5,1.4939344093287,
840,558,5.6,1.47614947588431,
850,505,5.7,1.45878301146214,
860,456,5.8,1.44182041830561,
870,410,5.9,1.42524776981933,
880,368,5.8,1.40905177243502,
890,328,5.9,1.39321973004811,
900,291,5.9,1.37773951082536,
910,257,5.9,1.3625995162009,
920,225,6,1.34778865189437,
930,197,6.3,1.33329630079873,
940,169,7.4,1.31911229759875,
950,146,6.6,1.30522690499244,
960,125,6.6,1.29163079139877,
970,106,7.2,1.27831501004415,
980,88.7,7.3,1.26527097932941,
990,73.1,9.1,1.25249046438669,
1000,59.9,9,1.23996555974282,
